$ 1 0.000005 10.20027730826997 50 5 50 5e-11
150 880 416 1040 416 0 2 0 5
152 1040 432 1216 432 0 2 0 5
s 640 400 736 400 4 1 false A
s 640 432 736 432 4 1 false B
s 640 464 736 464 4 1 false C
w 1040 448 1040 464 0
R 640 400 608 400 0 0 40 5 0 0 0.5
R 640 432 608 432 0 0 40 5 0 0 0.5
R 640 464 608 464 0 0 40 5 0 0 0.5
R 640 624 608 624 0 0 40 5 0 0 0.5
R 640 592 608 592 0 0 40 5 0 0 0.5
R 640 560 608 560 0 0 40 5 0 0 0.5
s 640 624 736 624 4 1 false C
s 640 592 736 592 4 1 false B
s 640 560 736 560 4 1 false A
w 1040 464 880 464 0
151 736 576 864 576 0 2 5 5
I 864 576 944 576 0 0.5 5
w 736 400 880 400 0
w 736 432 880 432 0
w 736 464 880 464 0
w 944 576 960 576 0
w 960 576 960 592 0
w 736 624 976 624 0
I 976 592 1040 592 0 0.5 5
I 1040 592 1104 592 0 0.5 5
I 976 624 1040 624 0 0.5 5
I 1040 624 1104 624 0 0.5 5
152 1104 608 1216 608 0 2 0 5
w 960 592 976 592 0
s 640 720 736 720 4 1 false A
s 640 752 736 752 4 1 false B
s 640 784 736 784 4 1 false C
R 640 720 608 720 0 0 40 5 0 0 0.5
R 640 752 608 752 0 0 40 5 0 0 0.5
R 640 784 608 784 0 0 40 5 0 0 0.5
I 864 736 944 736 0 0.5 5
151 736 736 864 736 0 2 5 5
w 960 752 976 752 0
I 976 784 1040 784 0 0.5 5
I 976 752 1040 752 0 0.5 5
w 736 784 976 784 0
w 960 736 960 752 0
w 944 736 960 736 0
151 1040 768 1216 768 0 2 0 5
