$ 1 0.000005 10.20027730826997 50 5 50 5e-11
f 960 240 1040 240 32 1.5 0.02
f 1120 352 1040 352 32 1.5 0.02
f 896 96 976 96 33 1.5 0.02
f 1168 96 1088 96 33 1.5 0.02
w 976 112 976 176 0
w 976 176 1088 176 0
w 1088 112 1088 176 0
w 1040 224 1088 176 0
w 1040 256 1040 336 0
w 1040 368 1040 432 0
w 976 80 976 16 0
w 976 16 1088 16 0
w 1088 16 1088 80 0
w 1088 16 1040 -48 0
R 1040 -48 1040 -96 0 0 40 5 0 0 0.5
g 1040 432 1040 448 0 0
s 864 176 800 176 0 0 false
w 896 96 896 240 0
w 896 240 960 240 0
w 864 176 896 96 0
w 1168 96 1168 352 0
w 1168 352 1120 352 0
s 1168 96 1232 224 0 0 false
R 800 176 736 176 0 0 40 5 0 0 0.5
R 1232 224 1328 224 0 0 40 5 0 0 0.5
f 1520 176 1600 176 32 1.5 0.02
f 1520 80 1600 80 33 1.5 0.02
w 1520 176 1520 128 0
w 1520 128 1520 80 0
R 1600 64 1600 0 0 0 40 5 0 0 0.5
g 1600 192 1600 256 0 0
w 1600 96 1600 160 0
s 1520 128 1424 128 0 0 false
R 1424 128 1408 128 0 0 40 5 0 0 0.5
f 912 912 976 912 32 1.5 0.02
f 1088 912 1024 912 32 1.5 0.02
f 1088 768 1168 768 32 1.5 0.02
f 1088 672 1168 672 33 1.5 0.02
f 864 672 944 672 33 1.5 0.02
f 864 784 944 784 33 1.5 0.02
w 944 688 944 768 0
w 944 800 1008 800 0
w 976 896 976 832 0
w 976 832 1008 832 0
w 1008 800 1008 832 0
w 1008 832 1024 832 0
w 1024 832 1024 896 0
w 1008 800 1088 800 0
w 1088 800 1088 768 0
w 1088 768 1088 672 0
w 944 656 944 608 0
w 944 608 1056 608 0
w 1168 608 1168 656 0
w 1168 688 1168 752 0
w 976 928 976 960 0
w 976 960 992 960 0
w 1024 928 1024 960 0
w 1024 960 992 960 0
g 992 960 992 992 0 0
g 1168 784 1168 832 0 0
w 1056 608 1168 608 0
R 1056 608 1056 560 0 0 40 5 0 0 0.5
s 688 720 768 720 0 1 false
s 688 752 768 752 0 1 false
R 688 720 656 720 0 0 40 5 0 0 0.5
R 688 752 656 752 0 0 40 5 0 0 0.5
w 864 672 816 672 0
w 768 672 768 720 0
w 768 752 864 752 0
w 864 752 864 784 0
w 816 672 768 672 0
w 816 672 816 912 0
w 816 912 912 912 0
w 864 784 864 1008 0
w 864 1008 1088 1008 0
w 1088 1008 1088 912 0
